PDF#24-0735: QM=Star/Calculated; d=Other/Unknown; I=(Unknown)
Pyrolusite, syn
MnO2	
Radiation=CuKa1	Lambda=1.5406	Filter=
Calibration=	d-Cutoff=	I/Ic(RIR)=2.7
Ref= Level-1 PDF

Crystal System=	Z=	mp=
Cell=	Pearson=
Density(c)=	Density(m)=	Mwt=	Vol=	
Ref= Ibid.

Strong Line: 3.11/X  1.62/6  2.41/6  1.30/2  1.31/2  2.11/2  1.56/1  1.00/1

d(A)     I(f)   I(v)  h  k  l  n^2  2-Theta   Theta  1/(2d)   2pi/d  
 3.110  100.0   95.0  1  1  0        28.680  14.340  0.1608  2.0203
 2.407   55.0   67.0  1  0  1        37.328  18.664  0.2077  2.6104
 2.199    8.0   11.0  2  0  0        41.010  20.505  0.2274  2.8573
 2.110   16.0   22.0  1  1  1        42.823  21.411  0.2370  2.9778
 1.968    5.0    7.0  2  1  0        46.081  23.041  0.2541  3.1925
 1.623   55.0  100.0  2  1  1        56.652  28.326  0.3080  3.8704
 1.555   14.0   27.0  2  2  0        59.370  29.685  0.3215  4.0396
 1.437    8.0   16.0  0  0  2        64.828  32.414  0.3479  4.3724
 1.391    8.0   17.0  3  1  0        67.240  33.620  0.3594  4.5164
 1.367    1.0    2.0  2  2  1        68.554  34.277  0.3656  4.5940
 1.306   20.0   45.0  3  0  1        72.260  36.130  0.3827  4.8095
 1.304   20.0   45.0  1  1  2        72.382  36.191  0.3833  4.8165
 1.252    1.0    2.0  3  1  1        75.910  37.955  0.3992  5.0169
 1.219    1.0    2.0  3  2  0        78.365  39.182  0.4101  5.1535
 1.202    3.0    7.0  2  0  2        79.636  39.818  0.4157  5.2234
 1.160    1.0    3.0  2  1  2        83.182  41.591  0.4309  5.4147
 1.123    5.0   13.0  3  2  1        86.596  43.298  0.4452  5.5940
 1.100    2.0    5.0  4  0  0        88.895  44.447  0.4545  5.7120
 1.067    2.0    6.0  4  1  0        92.324  46.162  0.4682  5.8837
 1.055    6.0   17.0  2  2  2        93.724  46.862  0.4737  5.9522
 1.037    3.0    9.0  3  3  0        95.940  47.970  0.4822  6.0590
 0.999   11.0   32.0  3  1  2       100.786  50.393  0.5001  6.2844
 0.983    3.0    9.0  4  2  0       103.066  51.533  0.5082  6.3866
 0.936    3.0    9.0  1  0  3       110.762  55.381  0.5342  6.7128
 0.873    3.0   10.0  4  0  2       123.753  61.876  0.5725  7.1939
 0.862    3.0   10.0  5  1  0       126.420  63.210  0.5794  7.2815
 0.861    8.0   27.0  2  1  3       126.816  63.408  0.5805  7.2942
 0.856    1.0    3.0  4  1  2       128.086  64.043  0.5836  7.3342
 0.841    7.0   25.0  3  3  2       132.670  66.335  0.5945  7.4711
